37.000000 52.000000 18
42.000000 57.000000 18

37.000000 52.000000 18
38.000000 46.000000 18

49.000000 49.000000 18
57.000000 58.000000 18

49.000000 49.000000 18
58.000000 48.000000 18

52.000000 64.000000 18
43.000000 67.000000 18

52.000000 64.000000 18
63.000000 69.000000 18

20.000000 26.000000 18
27.000000 23.000000 18

20.000000 26.000000 18
17.000000 33.000000 18

40.000000 30.000000 18
32.000000 22.000000 18

40.000000 30.000000 18
45.000000 35.000000 18

21.000000 47.000000 18
30.000000 48.000000 18

21.000000 47.000000 18
25.000000 55.000000 18

17.000000 63.000000 18
16.000000 57.000000 18

17.000000 63.000000 18
5.000000 64.000000 18

31.000000 62.000000 18
42.000000 57.000000 18

31.000000 62.000000 18
27.000000 68.000000 18

52.000000 33.000000 18
58.000000 27.000000 18

52.000000 33.000000 18
48.000000 28.000000 18

51.000000 21.000000 18
59.000000 15.000000 18

51.000000 21.000000 18
48.000000 28.000000 18

42.000000 41.000000 18
38.000000 46.000000 18

42.000000 41.000000 18
45.000000 35.000000 18

31.000000 32.000000 18
32.000000 39.000000 18

31.000000 32.000000 18
25.000000 32.000000 18

5.000000 25.000000 18
7.000000 38.000000 18

5.000000 25.000000 18
10.000000 17.000000 18

12.000000 42.000000 18
8.000000 52.000000 18

12.000000 42.000000 18
7.000000 38.000000 18

36.000000 16.000000 18
30.000000 15.000000 18

36.000000 16.000000 18
39.000000 10.000000 18

52.000000 41.000000 18
62.000000 42.000000 18

52.000000 41.000000 18
56.000000 37.000000 18

27.000000 23.000000 18
32.000000 22.000000 18

17.000000 33.000000 18
25.000000 32.000000 18

13.000000 13.000000 18
5.000000 6.000000 18

13.000000 13.000000 18
10.000000 17.000000 18

57.000000 58.000000 18
62.000000 63.000000 18

62.000000 42.000000 18
58.000000 48.000000 18

16.000000 57.000000 18
25.000000 55.000000 18

8.000000 52.000000 18
5.000000 64.000000 18

27.000000 68.000000 18
37.000000 69.000000 18

30.000000 48.000000 18
30.000000 40.000000 18

43.000000 67.000000 18
37.000000 69.000000 18

58.000000 27.000000 18
61.000000 33.000000 18

46.000000 10.000000 18
59.000000 15.000000 18

46.000000 10.000000 18
39.000000 10.000000 18

61.000000 33.000000 18
56.000000 37.000000 18

62.000000 63.000000 18
63.000000 69.000000 18

5.000000 6.000000 18
21.000000 10.000000 18

21.000000 10.000000 18
30.000000 15.000000 18

32.000000 39.000000 18
30.000000 40.000000 18

