37.440000 -25.400000 1 
38.430000 -9.080000 2 
41.110000 -8.360000 3 
37.230000 -5.590000 4 
36.320000 -6.180000 5 
36.430000 -4.250000 6 
37.130000 -3.410000 7 
37.530000 -4.460000 8 
38.210000 -0.290000 9 
39.280000 -0.220000 10 
41.230000 2.110000 11 
41.380000 -0.530000 12 
40.240000 -3.410000 13 
41.390000 -4.430000 14 
43.150000 -2.580000 15 
43.220000 -8.230000 16 
38.540000 1.260000 17 
39.340000 2.390000 18 
42.300000 1.310000 19 
44.500000 -0.340000 20 
43.360000 1.260000 21 
43.180000 5.240000 22 
43.420000 7.150000 23 
43.420000 7.230000 24 
42.420000 9.270000 25 
45.500000 1.160000 26 
45.260000 4.240000 27 
45.450000 4.510000 28 
45.100000 5.430000 29 
48.240000 -4.290000 30 
48.050000 -1.410000 31 
47.130000 -1.330000 32 
47.230000 0.410000 33 
49.300000 0.080000 34 
48.520000 2.200000 35 
49.150000 4.020000 36 
47.190000 5.010000 37 
48.410000 6.120000 38 
48.350000 7.450000 39 
49.360000 6.090000 40 
50.380000 5.340000 41 
50.500000 4.200000 42 
50.380000 3.040000 43 
51.030000 3.430000 44 
51.130000 4.250000 45 
51.260000 5.280000 46 
51.550000 4.280000 47 
52.220000 4.540000 48 
52.050000 5.080000 49 
53.130000 6.330000 50 
50.230000 -4.100000 51 
50.430000 -1.540000 52 
50.500000 -0.080000 53 
51.290000 -3.130000 54 
51.270000 -2.350000 55 
51.300000 -0.100000 56 
52.300000 -1.500000 57 
53.250000 -2.550000 58 
53.300000 -2.150000 59 
53.230000 -1.300000 60 
53.500000 -1.350000 61 
54.590000 -1.350000 62 
55.570000 -3.130000 63 
55.530000 -4.150000 64 
56.280000 -3.000000 65 
57.100000 -2.040000 66 
60.090000 -1.090000 67 
62.010000 -6.460000 68 
51.540000 -8.280000 69 
52.400000 -8.380000 70 
53.200000 -6.150000 71 
54.350000 -5.550000 72 
55.000000 -7.190000 73 
64.090000 -21.510000 74 
64.110000 -51.440000 75 
76.340000 -68.470000 76 
70.400000 23.420000 77 
68.260000 17.250000 78 
65.010000 25.280000 79 
61.300000 23.450000 80 
60.270000 22.170000 81 
60.100000 24.580000 82 
63.250000 10.250000 83 
60.230000 5.200000 84 
58.580000 5.450000 85 
59.550000 10.450000 86 
57.430000 11.580000 87 
55.360000 13.000000 88 
58.250000 15.370000 89 
59.200000 18.030000 90 
57.380000 18.180000 91 
56.090000 10.130000 92 
55.240000 10.230000 93 
55.400000 12.350000 94 
53.040000 8.490000 95 
53.330000 9.590000 96 
54.200000 10.080000 97 
54.050000 12.070000 98 
51.570000 7.370000 99 
52.240000 9.440000 100 
52.070000 11.380000 101 
52.310000 13.240000 102 
50.470000 6.050000 103 
50.440000 7.050000 104 
50.560000 6.590000 105 
51.120000 6.470000 106 
51.170000 7.170000 107 
51.280000 7.010000 108 
51.280000 7.130000 109 
51.320000 7.130000 110 
51.310000 7.280000 111 
51.190000 9.290000 112 
50.580000 11.010000 113 
51.290000 11.580000 114 
51.190000 12.200000 115 
50.500000 12.550000 116 
51.030000 13.440000 117 
49.140000 6.590000 118 
50.070000 8.400000 119 
49.250000 8.430000 120 
49.480000 9.560000 121 
49.270000 11.040000 122 
49.030000 8.240000 123 
48.460000 9.110000 124 
49.010000 12.060000 125 
48.080000 11.340000 126 
46.120000 6.090000 127 
46.310000 6.380000 128 
46.570000 7.260000 129 
47.330000 7.350000 130 
47.230000 8.320000 131 
47.160000 11.240000 132 
47.480000 13.020000 133 
48.180000 14.180000 134 
48.130000 16.200000 135 
47.050000 15.270000 136 
45.030000 7.400000 137 
45.280000 9.120000 138 
45.270000 11.000000 139 
45.270000 12.210000 140 
45.400000 13.460000 141 
44.250000 8.570000 142 
44.290000 11.200000 143 
43.460000 11.150000 144 
43.550000 12.280000 145 
39.200000 9.000000 146 
41.540000 12.290000 147 
40.510000 14.170000 148 
41.270000 15.340000 149 
41.070000 16.520000 150 
40.280000 17.150000 151 
38.110000 15.330000 152 
37.300000 15.060000 153 
38.070000 13.210000 154 
35.540000 14.310000 155 
53.240000 14.320000 156 
54.230000 18.400000 157 
53.080000 18.000000 158 
52.250000 16.550000 159 
51.460000 19.300000 160 
52.150000 21.000000 161 
53.090000 23.090000 162 
51.060000 17.000000 163 
50.160000 19.000000 164 
50.030000 19.580000 165 
51.150000 22.350000 166 
49.450000 13.230000 167 
50.050000 14.260000 168 
49.500000 18.170000 169 
49.120000 16.370000 170 
48.090000 17.070000 171 
48.430000 21.150000 172 
47.300000 19.050000 173 
47.320000 21.380000 174 
46.050000 18.130000 175 
46.150000 20.090000 176 
45.450000 21.130000 177 
46.470000 23.360000 178 
47.100000 27.350000 179 
45.480000 24.090000 180 
45.390000 25.370000 181 
44.260000 26.060000 182 
44.110000 28.390000 183 
46.030000 14.310000 184 
45.200000 14.270000 185 
45.480000 15.580000 186 
43.310000 16.270000 187 
43.520000 18.250000 188 
44.500000 20.300000 189 
42.380000 18.070000 190 
41.590000 21.260000 191 
41.200000 19.500000 192 
42.410000 23.190000 193 
42.090000 24.450000 194 
43.130000 27.550000 195 
42.300000 27.280000 196 
39.360000 19.560000 197 
40.380000 22.560000 198 
38.150000 21.440000 199 
37.580000 23.430000 200 
35.200000 25.090000 201 
35.100000 33.220000 202 
