7810.000000 6053.000000 1 
7798.000000 5709.000000 2 

7810.000000 6053.000000 1 
7547.000000 5503.000000 5 

7798.000000 5709.000000 2 
7744.000000 5476.000000 6 

7264.000000 5575.000000 3 
7324.000000 5560.000000 4 

7264.000000 5575.000000 3 
7254.000000 5129.000000 19 

7324.000000 5560.000000 4 
7547.000000 5503.000000 5 

7744.000000 5476.000000 6 
7821.000000 5457.000000 7 

7821.000000 5457.000000 7 
7883.000000 5408.000000 8 

7883.000000 5408.000000 8 
7927.000000 5365.000000 10 

7874.000000 5405.000000 9 
7927.000000 5365.000000 10 

7874.000000 5405.000000 9 
7802.000000 5317.000000 12 

7848.000000 5358.000000 11 
7802.000000 5317.000000 12 

7848.000000 5358.000000 11 
7724.000000 5210.000000 15 

7962.000000 5287.000000 13 
7913.000000 5280.000000 14 

7962.000000 5287.000000 13 
7890.000000 5130.000000 18 

7913.000000 5280.000000 14 
7759.000000 5143.000000 17 

7724.000000 5210.000000 15 
7606.000000 5009.000000 22 

7503.000000 5191.000000 16 
7576.000000 4915.000000 28 

7503.000000 5191.000000 16 
7295.000000 4887.000000 31 

7759.000000 5143.000000 17 
7790.000000 5038.000000 20 

7890.000000 5130.000000 18 
7846.000000 4923.000000 25 

7254.000000 5129.000000 19 
7142.000000 5032.000000 21 

7790.000000 5038.000000 20 
7772.000000 4989.000000 23 

7142.000000 5032.000000 21 
6937.000000 4917.000000 27 

7606.000000 5009.000000 22 
7622.000000 4917.000000 26 

7772.000000 4989.000000 23 
7622.000000 4917.000000 26 

7744.000000 4933.000000 24 
7783.000000 4912.000000 29 

7744.000000 4933.000000 24 
7716.000000 4909.000000 30 

7846.000000 4923.000000 25 
7777.000000 4869.000000 32 

6937.000000 4917.000000 27 
6806.000000 4755.000000 40 

7576.000000 4915.000000 28 
7583.000000 4813.000000 36 

7783.000000 4912.000000 29 
7777.000000 4869.000000 32 

7716.000000 4909.000000 30 
7700.000000 4854.000000 33 

7295.000000 4887.000000 31 
7417.000000 4788.000000 38 

7700.000000 4854.000000 33 
7726.000000 4833.000000 34 

7726.000000 4833.000000 34 
7702.000000 4815.000000 35 

7702.000000 4815.000000 35 
7698.000000 4745.000000 42 

7583.000000 4813.000000 36 
7654.000000 4795.000000 37 

7654.000000 4795.000000 37 
7617.000000 4724.000000 44 

7417.000000 4788.000000 38 
7267.000000 4779.000000 39 

7267.000000 4779.000000 39 
7259.000000 4630.000000 49 

6806.000000 4755.000000 40 
6868.000000 4418.000000 68 

5259.000000 4751.000000 41 
5387.000000 4623.000000 50 

5259.000000 4751.000000 41 
4602.000000 4478.000000 61 

7698.000000 4745.000000 42 
7673.000000 4718.000000 46 

7570.000000 4741.000000 43 
7617.000000 4724.000000 44 

7570.000000 4741.000000 43 
7547.000000 4664.000000 48 

7752.000000 4721.000000 45 
7692.000000 4666.000000 47 

7752.000000 4721.000000 45 
7631.000000 4573.000000 53 

7673.000000 4718.000000 46 
7692.000000 4666.000000 47 

7547.000000 4664.000000 48 
7520.000000 4572.000000 54 

7259.000000 4630.000000 49 
7333.000000 4335.000000 74 

5387.000000 4623.000000 50 
6139.000000 4369.000000 73 

7679.000000 4581.000000 51 
7832.000000 4542.000000 57 

7679.000000 4581.000000 51 
7698.000000 4279.000000 81 

7674.000000 4579.000000 52 
7631.000000 4573.000000 53 

7674.000000 4579.000000 52 
7647.000000 4504.000000 59 

7520.000000 4572.000000 54 
7458.000000 4428.000000 65 

7848.000000 4546.000000 55 
7832.000000 4542.000000 57 

7848.000000 4546.000000 55 
7647.000000 4504.000000 59 

5685.000000 4546.000000 56 
6058.000000 4426.000000 67 

5685.000000 4546.000000 56 
5356.000000 4241.000000 92 

6735.000000 4509.000000 58 
6670.000000 4401.000000 70 

6735.000000 4509.000000 58 
6779.000000 4273.000000 84 

7338.000000 4481.000000 60 
7364.000000 4427.000000 66 

7338.000000 4481.000000 60 
7909.000000 3080.000000 310 

4602.000000 4478.000000 61 
3824.000000 3838.000000 173 

4606.000000 4468.000000 62 
3832.000000 4410.000000 69 

4606.000000 4468.000000 62 
5400.000000 3461.000000 249 

7399.000000 4467.000000 63 
7364.000000 4427.000000 66 

7399.000000 4467.000000 63 
7443.000000 4375.000000 71 

7037.000000 4446.000000 64 
6868.000000 4418.000000 68 

7037.000000 4446.000000 64 
6779.000000 4273.000000 84 

7458.000000 4428.000000 65 
7443.000000 4375.000000 71 

6058.000000 4426.000000 67 
6123.000000 4167.000000 109 

3832.000000 4410.000000 69 
3108.000000 3908.000000 157 

6670.000000 4401.000000 70 
6524.000000 4207.000000 102 

7160.000000 4370.000000 72 
6911.000000 4296.000000 77 

7160.000000 4370.000000 72 
7128.000000 4215.000000 97 

6139.000000 4369.000000 73 
6051.000000 4246.000000 91 

7333.000000 4335.000000 74 
7360.000000 4275.000000 83 

6237.000000 4332.000000 75 
6304.000000 4294.000000 78 

6237.000000 4332.000000 75 
6241.000000 4268.000000 86 

5385.000000 4318.000000 76 
5356.000000 4241.000000 92 

5385.000000 4318.000000 76 
5168.000000 4208.000000 101 

6911.000000 4296.000000 77 
6947.000000 4209.000000 99 

6304.000000 4294.000000 78 
6450.000000 4160.000000 110 

7111.000000 4288.000000 79 
7207.000000 4270.000000 85 

7111.000000 4288.000000 79 
7128.000000 4215.000000 97 

6740.000000 4282.000000 80 
6589.000000 4256.000000 89 

6740.000000 4282.000000 80 
6607.000000 4173.000000 107 

7698.000000 4279.000000 81 
7613.000000 4275.000000 82 

7613.000000 4275.000000 82 
7554.000000 4236.000000 93 

7360.000000 4275.000000 83 
7349.000000 4219.000000 96 

7207.000000 4270.000000 85 
7216.000000 4180.000000 106 

6241.000000 4268.000000 86 
6312.000000 4126.000000 119 

7432.000000 4265.000000 87 
7541.000000 4141.000000 114 

7432.000000 4265.000000 87 
7466.000000 4037.000000 133 

4354.000000 4262.000000 88 
4217.000000 4224.000000 95 

4354.000000 4262.000000 88 
4427.000000 4109.000000 121 

6589.000000 4256.000000 89 
6660.000000 4193.000000 105 

7817.000000 4252.000000 90 
7506.000000 4138.000000 115 

7817.000000 4252.000000 90 
7705.000000 4065.000000 125 

6051.000000 4246.000000 91 
7909.000000 3080.000000 310 

7554.000000 4236.000000 93 
7542.000000 4198.000000 104 

7534.000000 4227.000000 94 
7549.000000 4208.000000 100 

7534.000000 4227.000000 94 
7601.000000 4171.000000 108 

4217.000000 4224.000000 95 
3950.000000 4215.000000 98 

7349.000000 4219.000000 96 
7355.000000 4151.000000 112 

3950.000000 4215.000000 98 
4293.000000 3788.000000 184 

6947.000000 4209.000000 99 
6891.000000 4075.000000 124 

7549.000000 4208.000000 100 
7542.000000 4198.000000 104 

5168.000000 4208.000000 101 
4871.000000 4132.000000 116 

6524.000000 4207.000000 102 
6607.000000 4173.000000 107 

5871.000000 4202.000000 103 
6008.000000 4117.000000 120 

5871.000000 4202.000000 103 
5955.000000 4081.000000 123 

6660.000000 4193.000000 105 
6713.000000 4154.000000 111 

7216.000000 4180.000000 106 
7355.000000 4151.000000 112 

7601.000000 4171.000000 108 
7604.000000 4146.000000 113 

6123.000000 4167.000000 109 
6008.000000 4117.000000 120 

6450.000000 4160.000000 110 
6488.000000 4128.000000 118 

6713.000000 4154.000000 111 
6958.000000 3678.000000 206 

7604.000000 4146.000000 113 
7562.000000 4058.000000 126 

7541.000000 4141.000000 114 
7562.000000 4058.000000 126 

7506.000000 4138.000000 115 
7344.000000 4046.000000 130 

4871.000000 4132.000000 116 
4679.000000 4084.000000 122 

2906.000000 4131.000000 117 
1851.000000 3710.000000 199 

2906.000000 4131.000000 117 
3229.000000 3312.000000 274 

6488.000000 4128.000000 118 
6557.000000 4047.000000 129 

6312.000000 4126.000000 119 
6259.000000 4030.000000 134 

4427.000000 4109.000000 121 
4342.000000 3966.000000 142 

4679.000000 4084.000000 122 
4634.000000 4054.000000 127 

5955.000000 4081.000000 123 
5964.000000 3935.000000 147 

6891.000000 4075.000000 124 
7037.000000 3965.000000 143 

7705.000000 4065.000000 125 
7660.000000 3924.000000 148 

4634.000000 4054.000000 127 
4607.000000 4049.000000 128 

4607.000000 4049.000000 128 
4655.000000 3992.000000 137 

6557.000000 4047.000000 129 
6537.000000 3982.000000 141 

7344.000000 4046.000000 130 
7238.000000 2957.000000 323 

5543.000000 4042.000000 131 
5336.000000 3943.000000 146 

5543.000000 4042.000000 131 
5671.000000 3807.000000 183 

7124.000000 4039.000000 132 
7037.000000 3965.000000 143 

7124.000000 4039.000000 132 
7271.000000 3948.000000 145 

7466.000000 4037.000000 133 
7660.000000 3924.000000 148 

6259.000000 4030.000000 134 
6366.000000 4002.000000 135 

6366.000000 4002.000000 135 
6425.000000 3867.000000 167 

5597.000000 3993.000000 136 
5541.000000 3769.000000 187 

5597.000000 3993.000000 136 
5621.000000 3768.000000 188 

4655.000000 3992.000000 137 
4694.000000 3877.000000 165 

7805.000000 3991.000000 138 
7872.000000 3922.000000 149 

7805.000000 3991.000000 138 
7844.000000 3902.000000 158 

3396.000000 3990.000000 139 
3108.000000 3908.000000 157 

3396.000000 3990.000000 139 
3824.000000 3838.000000 173 

6603.000000 3982.000000 140 
6537.000000 3982.000000 141 

6603.000000 3982.000000 140 
6602.000000 3920.000000 151 

4342.000000 3966.000000 142 
4496.000000 3844.000000 171 

7345.000000 3951.000000 144 
7271.000000 3948.000000 145 

7345.000000 3951.000000 144 
7351.000000 3877.000000 164 

5336.000000 3943.000000 146 
5427.000000 3894.000000 159 

5964.000000 3935.000000 147 
6150.000000 3888.000000 162 

7872.000000 3922.000000 149 
7909.000000 3912.000000 153 

6567.000000 3922.000000 150 
6602.000000 3920.000000 151 

6567.000000 3922.000000 150 
6577.000000 3858.000000 168 

4806.000000 3914.000000 152 
4694.000000 3877.000000 165 

4806.000000 3914.000000 152 
4574.000000 3843.000000 172 

7909.000000 3912.000000 153 
7841.000000 3818.000000 180 

5926.000000 3912.000000 154 
5803.000000 3824.000000 174 

5926.000000 3912.000000 154 
6120.000000 3821.000000 177 

7449.000000 3911.000000 155 
7388.000000 3879.000000 163 

7449.000000 3911.000000 155 
7423.000000 3776.000000 185 

6333.000000 3909.000000 156 
6340.000000 3870.000000 166 

6333.000000 3909.000000 156 
6425.000000 3867.000000 167 

7844.000000 3902.000000 158 
7988.000000 3820.000000 178 

5427.000000 3894.000000 159 
5457.000000 3808.000000 182 

6862.000000 3892.000000 160 
6864.000000 3854.000000 169 

6862.000000 3892.000000 160 
6958.000000 3678.000000 206 

6621.000000 3891.000000 161 
6454.000000 3821.000000 176 

6621.000000 3891.000000 161 
6652.000000 3742.000000 193 

6150.000000 3888.000000 162 
6120.000000 3821.000000 177 

7388.000000 3879.000000 163 
7351.000000 3877.000000 164 

6340.000000 3870.000000 166 
6376.000000 3819.000000 179 

6577.000000 3858.000000 168 
6454.000000 3821.000000 176 

6864.000000 3854.000000 169 
6652.000000 3742.000000 193 

5706.000000 3844.000000 170 
5720.000000 3823.000000 175 

5706.000000 3844.000000 170 
5778.000000 3813.000000 181 

4496.000000 3844.000000 171 
4574.000000 3843.000000 172 

5803.000000 3824.000000 174 
5778.000000 3813.000000 181 

5720.000000 3823.000000 175 
5671.000000 3807.000000 183 

7988.000000 3820.000000 178 
7906.000000 3580.000000 221 

6376.000000 3819.000000 179 
6365.000000 3679.000000 205 

7841.000000 3818.000000 180 
7750.000000 3760.000000 189 

5457.000000 3808.000000 182 
5417.000000 3673.000000 208 

4293.000000 3788.000000 184 
4232.000000 3551.000000 229 

7423.000000 3776.000000 185 
7429.000000 3737.000000 196 

7342.000000 3775.000000 186 
7262.000000 3725.000000 197 

7342.000000 3775.000000 186 
7408.000000 3534.000000 230 

5541.000000 3769.000000 187 
5678.000000 3742.000000 194 

5621.000000 3768.000000 188 
5751.000000 3681.000000 204 

7750.000000 3760.000000 189 
7879.000000 3743.000000 191 

6327.000000 3745.000000 190 
6427.000000 3717.000000 198 

6327.000000 3745.000000 190 
6317.000000 3673.000000 207 

7879.000000 3743.000000 191 
7922.000000 3655.000000 210 

199.000000 3743.000000 192 
536.000000 3481.000000 243 

199.000000 3743.000000 192 
317.000000 3476.000000 244 

5678.000000 3742.000000 194 
5965.000000 3624.000000 212 

5207.000000 3742.000000 195 
5316.000000 3554.000000 228 

5207.000000 3742.000000 195 
5160.000000 3517.000000 232 

7429.000000 3737.000000 196 
7331.000000 3634.000000 211 

7262.000000 3725.000000 197 
7331.000000 3634.000000 211 

6427.000000 3717.000000 198 
6426.000000 3656.000000 209 

1851.000000 3710.000000 199 
2342.000000 3439.000000 251 

6207.000000 3700.000000 200 
6069.000000 3695.000000 201 

6207.000000 3700.000000 200 
6140.000000 3558.000000 226 

6069.000000 3695.000000 201 
5965.000000 3624.000000 212 

4780.000000 3694.000000 202 
4965.000000 3622.000000 213 

4780.000000 3694.000000 202 
4694.000000 3502.000000 235 

7603.000000 3690.000000 203 
7667.000000 3608.000000 216 

7603.000000 3690.000000 203 
7492.000000 3560.000000 225 

5751.000000 3681.000000 204 
5887.000000 3508.000000 234 

6365.000000 3679.000000 205 
6317.000000 3673.000000 207 

5417.000000 3673.000000 208 
5315.000000 3557.000000 227 

6426.000000 3656.000000 209 
6453.000000 3567.000000 224 

7922.000000 3655.000000 210 
8013.000000 3523.000000 231 

4965.000000 3622.000000 213 
5111.000000 3569.000000 223 

6833.000000 3618.000000 214 
6798.000000 3610.000000 215 

6833.000000 3618.000000 214 
7141.000000 3514.000000 233 

6798.000000 3610.000000 215 
6713.000000 3488.000000 241 

7667.000000 3608.000000 216 
7696.000000 3486.000000 242 

1047.000000 3602.000000 217 
952.000000 3583.000000 220 

1047.000000 3602.000000 217 
920.000000 3065.000000 311 

7803.000000 3598.000000 218 
7633.000000 3499.000000 236 

7803.000000 3598.000000 218 
7919.000000 3496.000000 237 

7370.000000 3588.000000 219 
7492.000000 3560.000000 225 

7370.000000 3588.000000 219 
7408.000000 3534.000000 230 

952.000000 3583.000000 220 
1482.000000 3494.000000 239 

7906.000000 3580.000000 221 
7633.000000 3499.000000 236 

250.000000 3578.000000 222 
236.000000 3494.000000 240 

250.000000 3578.000000 222 
317.000000 3476.000000 244 

5111.000000 3569.000000 223 
5315.000000 3557.000000 227 

6453.000000 3567.000000 224 
6570.000000 3371.000000 265 

6140.000000 3558.000000 226 
6265.000000 3426.000000 254 

5316.000000 3554.000000 228 
5540.000000 3468.000000 248 

4232.000000 3551.000000 229 
4537.000000 3143.000000 301 

8013.000000 3523.000000 231 
8001.000000 3418.000000 255 

5160.000000 3517.000000 232 
4857.000000 3359.000000 268 

7141.000000 3514.000000 233 
7199.000000 3469.000000 247 

5887.000000 3508.000000 234 
5796.000000 3459.000000 250 

4694.000000 3502.000000 235 
4364.000000 3362.000000 266 

7919.000000 3496.000000 237 
7989.000000 3271.000000 280 

1784.000000 3494.000000 238 
1482.000000 3494.000000 239 

1784.000000 3494.000000 238 
2342.000000 3439.000000 251 

236.000000 3494.000000 240 
226.000000 3415.000000 256 

6713.000000 3488.000000 241 
6623.000000 3389.000000 261 

7696.000000 3486.000000 242 
7654.000000 3377.000000 263 

536.000000 3481.000000 243 
525.000000 3297.000000 278 

5649.000000 3472.000000 245 
5540.000000 3468.000000 248 

5649.000000 3472.000000 245 
5719.000000 3352.000000 270 

6235.000000 3471.000000 246 
6148.000000 3413.000000 257 

6235.000000 3471.000000 246 
6360.000000 3301.000000 277 

7199.000000 3469.000000 247 
7082.000000 3235.000000 283 

5400.000000 3461.000000 249 
5342.000000 3188.000000 295 

5796.000000 3459.000000 250 
5841.000000 3328.000000 273 

7494.000000 3430.000000 252 
7321.000000 3429.000000 253 

7494.000000 3430.000000 252 
7422.000000 3390.000000 260 

7321.000000 3429.000000 253 
7316.000000 3360.000000 267 

6265.000000 3426.000000 254 
5539.000000 3235.000000 284 

8001.000000 3418.000000 255 
7838.000000 3375.000000 264 

226.000000 3415.000000 256 
10.000000 2537.000000 363 

6148.000000 3413.000000 257 
5987.000000 3402.000000 258 

5987.000000 3402.000000 258 
6050.000000 3242.000000 282 

7582.000000 3396.000000 259 
7475.000000 3388.000000 262 

7582.000000 3396.000000 259 
7654.000000 3377.000000 263 

7422.000000 3390.000000 260 
7533.000000 3358.000000 269 

6623.000000 3389.000000 261 
6731.000000 3234.000000 286 

7475.000000 3388.000000 262 
7452.000000 3339.000000 271 

7838.000000 3375.000000 264 
7657.000000 3301.000000 276 

6570.000000 3371.000000 265 
6656.000000 3181.000000 296 

4364.000000 3362.000000 266 
4252.000000 3206.000000 293 

7316.000000 3360.000000 267 
7299.000000 3219.000000 289 

4857.000000 3359.000000 268 
4763.000000 2720.000000 349 

7533.000000 3358.000000 269 
7452.000000 3339.000000 271 

5719.000000 3352.000000 270 
5697.000000 3269.000000 281 

7747.000000 3329.000000 272 
7657.000000 3301.000000 276 

7747.000000 3329.000000 272 
7695.000000 3220.000000 288 

5841.000000 3328.000000 273 
5697.000000 3269.000000 281 

3229.000000 3312.000000 274 
3307.000000 2833.000000 336 

7076.000000 3302.000000 275 
6881.000000 3029.000000 315 

7076.000000 3302.000000 275 
7309.000000 2717.000000 351 

6360.000000 3301.000000 277 
6402.000000 3190.000000 294 

525.000000 3297.000000 278 
741.000000 3235.000000 285 

5619.000000 3291.000000 279 
5539.000000 3235.000000 284 

5619.000000 3291.000000 279 
6422.000000 2820.000000 339 

7989.000000 3271.000000 280 
7861.000000 3216.000000 291 

6050.000000 3242.000000 282 
5960.000000 3207.000000 292 

7082.000000 3235.000000 283 
7131.000000 3081.000000 309 

741.000000 3235.000000 285 
863.000000 3219.000000 290 

6731.000000 3234.000000 286 
6656.000000 3181.000000 296 

7453.000000 3229.000000 287 
7532.000000 3175.000000 297 

7453.000000 3229.000000 287 
7503.000000 3086.000000 307 

7695.000000 3220.000000 288 
7715.000000 3086.000000 306 

7299.000000 3219.000000 289 
7434.000000 3173.000000 298 

863.000000 3219.000000 290 
806.000000 3123.000000 302 

7861.000000 3216.000000 291 
7851.000000 2809.000000 342 

5960.000000 3207.000000 292 
6113.000000 3101.000000 303 

4252.000000 3206.000000 293 
4196.000000 2929.000000 327 

6402.000000 3190.000000 294 
6518.000000 3165.000000 300 

5342.000000 3188.000000 295 
6422.000000 2820.000000 339 

7532.000000 3175.000000 297 
7715.000000 3086.000000 306 

7434.000000 3173.000000 298 
7440.000000 3100.000000 304 

5679.000000 3171.000000 299 
5677.000000 3049.000000 313 

5679.000000 3171.000000 299 
5531.000000 3011.000000 318 

6518.000000 3165.000000 300 
6468.000000 3050.000000 312 

4537.000000 3143.000000 301 
4458.000000 3007.000000 320 

806.000000 3123.000000 302 
920.000000 3065.000000 311 

6113.000000 3101.000000 303 
6204.000000 3099.000000 305 

7440.000000 3100.000000 304 
7503.000000 3086.000000 307 

6204.000000 3099.000000 305 
6190.000000 2985.000000 321 

5821.000000 3086.000000 308 
5650.000000 3023.000000 316 

5821.000000 3086.000000 308 
5930.000000 2948.000000 324 

7131.000000 3081.000000 309 
7055.000000 2981.000000 322 

6468.000000 3050.000000 312 
6387.000000 3008.000000 319 

5677.000000 3049.000000 313 
5650.000000 3023.000000 316 

218.000000 3031.000000 314 
197.000000 3021.000000 317 

218.000000 3031.000000 314 
178.000000 2702.000000 353 

6881.000000 3029.000000 315 
7238.000000 2957.000000 323 

197.000000 3021.000000 317 
174.000000 2901.000000 331 

5531.000000 3011.000000 318 
5291.000000 2929.000000 326 

6387.000000 3008.000000 319 
6617.000000 2928.000000 328 

4458.000000 3007.000000 320 
4831.000000 2917.000000 329 

6190.000000 2985.000000 321 
5881.000000 2817.000000 340 

7055.000000 2981.000000 322 
7125.000000 2823.000000 338 

5930.000000 2948.000000 324 
6044.000000 2848.000000 334 

7543.000000 2929.000000 325 
7346.000000 2858.000000 333 

7543.000000 2929.000000 325 
7458.000000 2741.000000 346 

5291.000000 2929.000000 326 
5350.000000 2867.000000 332 

4196.000000 2929.000000 327 
4476.000000 2555.000000 360 

6617.000000 2928.000000 328 
6766.000000 2732.000000 348 

4831.000000 2917.000000 329 
4898.000000 2840.000000 335 

2835.000000 2912.000000 330 
3174.000000 2627.000000 356 

2835.000000 2912.000000 330 
3319.000000 2151.000000 389 

174.000000 2901.000000 331 
141.000000 2814.000000 341 

5350.000000 2867.000000 332 
5470.000000 2774.000000 345 

7346.000000 2858.000000 333 
7125.000000 2823.000000 338 

6044.000000 2848.000000 334 
5963.000000 2789.000000 344 

4898.000000 2840.000000 335 
4929.000000 2803.000000 343 

3307.000000 2833.000000 336 
3461.000000 2718.000000 350 

1918.000000 2832.000000 337 
1882.000000 2684.000000 354 

1918.000000 2832.000000 337 
2067.000000 2254.000000 383 

5881.000000 2817.000000 340 
5963.000000 2789.000000 344 

141.000000 2814.000000 341 
240.000000 2327.000000 378 

7851.000000 2809.000000 342 
7753.000000 2564.000000 358 

4929.000000 2803.000000 343 
4763.000000 2720.000000 349 

5470.000000 2774.000000 345 
5296.000000 2520.000000 365 

7458.000000 2741.000000 346 
7304.000000 2550.000000 362 

1263.000000 2734.000000 347 
1575.000000 2555.000000 361 

1263.000000 2734.000000 347 
809.000000 1766.000000 422 

6766.000000 2732.000000 348 
6848.000000 2712.000000 352 

3461.000000 2718.000000 350 
3189.000000 2411.000000 369 

7309.000000 2717.000000 351 
7448.000000 2291.000000 381 

6848.000000 2712.000000 352 
6800.000000 2532.000000 364 

178.000000 2702.000000 353 
10.000000 2537.000000 363 

1882.000000 2684.000000 354 
2011.000000 1558.000000 443 

4584.000000 2643.000000 355 
4476.000000 2555.000000 360 

4584.000000 2643.000000 355 
4612.000000 2341.000000 375 

3174.000000 2627.000000 356 
3233.000000 2329.000000 377 

7049.000000 2570.000000 357 
7104.000000 2510.000000 366 

7049.000000 2570.000000 357 
7267.000000 2466.000000 368 

7753.000000 2564.000000 358 
7856.000000 2181.000000 387 

6597.000000 2563.000000 359 
6800.000000 2532.000000 364 

6597.000000 2563.000000 359 
6547.000000 2506.000000 367 

1575.000000 2555.000000 361 
3390.000000 2043.000000 398 

7304.000000 2550.000000 362 
7267.000000 2466.000000 368 

5296.000000 2520.000000 365 
5117.000000 2409.000000 370 

7104.000000 2510.000000 366 
7087.000000 2274.000000 382 

6547.000000 2506.000000 367 
6686.000000 2312.000000 379 

3189.000000 2411.000000 369 
3233.000000 2329.000000 377 

5117.000000 2409.000000 370 
4973.000000 2406.000000 371 

4973.000000 2406.000000 371 
5260.000000 2230.000000 384 

4488.000000 2378.000000 372 
4612.000000 2341.000000 375 

4488.000000 2378.000000 372 
4174.000000 2190.000000 385 

7351.000000 2376.000000 373 
7448.000000 2291.000000 381 

7351.000000 2376.000000 373 
7315.000000 2181.000000 388 

6007.000000 2359.000000 374 
6307.000000 2295.000000 380 

6007.000000 2359.000000 374 
5681.000000 2109.000000 395 

7015.000000 2333.000000 376 
7087.000000 2274.000000 382 

7015.000000 2333.000000 376 
6885.000000 2138.000000 392 

240.000000 2327.000000 378 
36.000000 2185.000000 386 

6686.000000 2312.000000 379 
6885.000000 2138.000000 392 

6307.000000 2295.000000 380 
6139.000000 2032.000000 400 

2067.000000 2254.000000 383 
2126.000000 2150.000000 390 

5260.000000 2230.000000 384 
5277.000000 2078.000000 396 

4174.000000 2190.000000 385 
4012.000000 1886.000000 411 

36.000000 2185.000000 386 
464.000000 1773.000000 421 

7856.000000 2181.000000 387 
7822.000000 1992.000000 403 

7315.000000 2181.000000 388 
7152.000000 2000.000000 402 

3319.000000 2151.000000 389 
2694.000000 2026.000000 401 

2126.000000 2150.000000 390 
2694.000000 2026.000000 401 

7418.000000 2139.000000 391 
7643.000000 2048.000000 397 

7418.000000 2139.000000 391 
7416.000000 1953.000000 404 

4959.000000 2123.000000 393 
4996.000000 2115.000000 394 

4959.000000 2123.000000 393 
4759.000000 1883.000000 412 

4996.000000 2115.000000 394 
5277.000000 2078.000000 396 

5681.000000 2109.000000 395 
5506.000000 1719.000000 428 

7643.000000 2048.000000 397 
7926.000000 1627.000000 438 

3390.000000 2043.000000 398 
2908.000000 1681.000000 432 

8080.000000 2039.000000 399 
7989.000000 1876.000000 414 

8080.000000 2039.000000 399 
8063.000000 1860.000000 415 

6139.000000 2032.000000 400 
6252.000000 1795.000000 418 

7152.000000 2000.000000 402 
6252.000000 1795.000000 418 

7822.000000 1992.000000 403 
7905.000000 1921.000000 408 

7416.000000 1953.000000 404 
7352.000000 1952.000000 405 

7352.000000 1952.000000 405 
7240.000000 1762.000000 423 

354.000000 1950.000000 406 
464.000000 1773.000000 421 

354.000000 1950.000000 406 
345.000000 1476.000000 452 

6493.000000 1931.000000 407 
6803.000000 1886.000000 410 

6493.000000 1931.000000 407 
6496.000000 1678.000000 433 

7905.000000 1921.000000 408 
8080.000000 1835.000000 416 

8229.000000 1905.000000 409 
8101.000000 1876.000000 413 

8229.000000 1905.000000 409 
8605.000000 1479.000000 451 

6803.000000 1886.000000 410 
6826.000000 1774.000000 419 

4012.000000 1886.000000 411 
3477.000000 599.000000 522 

4759.000000 1883.000000 412 
4719.000000 1504.000000 449 

8101.000000 1876.000000 413 
8063.000000 1860.000000 415 

7989.000000 1876.000000 414 
7926.000000 1627.000000 438 

8080.000000 1835.000000 416 
8098.000000 1746.000000 425 

7004.000000 1805.000000 417 
7035.000000 1733.000000 427 

7004.000000 1805.000000 417 
6932.000000 1683.000000 430 

6826.000000 1774.000000 419 
6765.000000 1663.000000 435 

7218.000000 1773.000000 420 
7240.000000 1762.000000 423 

7218.000000 1773.000000 420 
7314.000000 1739.000000 426 

809.000000 1766.000000 422 
783.000000 825.000000 506 

7046.000000 1757.000000 424 
7314.000000 1739.000000 426 

7046.000000 1757.000000 424 
7035.000000 1733.000000 427 

8098.000000 1746.000000 425 
8184.000000 1685.000000 429 

5506.000000 1719.000000 428 
5914.000000 1682.000000 431 

8184.000000 1685.000000 429 
7985.000000 1657.000000 436 

6932.000000 1683.000000 430 
6854.000000 1640.000000 437 

5914.000000 1682.000000 431 
5964.000000 1421.000000 456 

2908.000000 1681.000000 432 
3245.000000 1281.000000 471 

6496.000000 1678.000000 433 
6621.000000 1513.000000 447 

8525.000000 1664.000000 434 
8594.000000 1510.000000 448 

8525.000000 1664.000000 434 
8292.000000 1383.000000 460 

6765.000000 1663.000000 435 
6494.000000 1347.000000 463 

7985.000000 1657.000000 436 
7973.000000 1606.000000 439 

6854.000000 1640.000000 437 
6651.000000 1534.000000 445 

7973.000000 1606.000000 439 
8038.000000 1535.000000 444 

5060.000000 1577.000000 440 
5637.000000 1558.000000 442 

5060.000000 1577.000000 440 
4619.000000 1132.000000 482 

4056.000000 1564.000000 441 
4170.000000 1232.000000 478 

4056.000000 1564.000000 441 
3719.000000 1043.000000 491 

5637.000000 1558.000000 442 
5472.000000 1482.000000 450 

2011.000000 1558.000000 443 
1721.000000 1165.000000 479 

8038.000000 1535.000000 444 
8228.000000 1471.000000 453 

6651.000000 1534.000000 445 
6621.000000 1513.000000 447 

552.000000 1526.000000 446 
602.000000 1395.000000 457 

552.000000 1526.000000 446 
437.000000 1344.000000 464 

8594.000000 1510.000000 448 
8605.000000 1479.000000 451 

4719.000000 1504.000000 449 
5098.000000 1394.000000 458 

5472.000000 1482.000000 450 
5571.000000 1255.000000 474 

345.000000 1476.000000 452 
489.000000 1254.000000 475 

8228.000000 1471.000000 453 
8292.000000 1383.000000 460 

5005.000000 1458.000000 454 
5114.000000 1430.000000 455 

5005.000000 1458.000000 454 
5098.000000 1394.000000 458 

5114.000000 1430.000000 455 
5068.000000 1390.000000 459 

5964.000000 1421.000000 456 
5840.000000 1325.000000 467 

602.000000 1395.000000 457 
659.000000 1331.000000 466 

5068.000000 1390.000000 459 
5010.000000 1351.000000 462 

6258.000000 1354.000000 461 
6379.000000 1302.000000 469 

6258.000000 1354.000000 461 
6359.000000 1298.000000 470 

5010.000000 1351.000000 462 
5139.000000 1124.000000 484 

6494.000000 1347.000000 463 
6378.000000 1314.000000 468 

437.000000 1344.000000 464 
478.000000 1256.000000 473 

413.000000 1338.000000 465 
450.000000 1274.000000 472 

413.000000 1338.000000 465 
513.000000 1247.000000 476 

659.000000 1331.000000 466 
893.000000 1161.000000 480 

5840.000000 1325.000000 467 
5571.000000 1255.000000 474 

6378.000000 1314.000000 468 
6379.000000 1302.000000 469 

6359.000000 1298.000000 470 
6136.000000 1243.000000 477 

3245.000000 1281.000000 471 
3477.000000 599.000000 522 

450.000000 1274.000000 472 
527.000000 1077.000000 489 

478.000000 1256.000000 473 
513.000000 1247.000000 476 

489.000000 1254.000000 475 
572.000000 1108.000000 485 

6136.000000 1243.000000 477 
5930.000000 1151.000000 481 

4170.000000 1232.000000 478 
4125.000000 1125.000000 483 

1721.000000 1165.000000 479 
1595.000000 942.000000 497 

893.000000 1161.000000 480 
993.000000 1084.000000 488 

5930.000000 1151.000000 481 
5788.000000 1053.000000 490 

4619.000000 1132.000000 482 
4500.000000 1093.000000 486 

4125.000000 1125.000000 483 
4244.000000 896.000000 500 

5139.000000 1124.000000 484 
5136.000000 825.000000 505 

572.000000 1108.000000 485 
527.000000 1077.000000 489 

4500.000000 1093.000000 486 
4805.000000 1033.000000 492 

2372.000000 1084.000000 487 
2260.000000 913.000000 499 

2372.000000 1084.000000 487 
2384.000000 695.000000 510 

993.000000 1084.000000 488 
1072.000000 883.000000 503 

5788.000000 1053.000000 490 
5666.000000 914.000000 498 

3719.000000 1043.000000 491 
3499.000000 863.000000 504 

4805.000000 1033.000000 492 
5069.000000 998.000000 496 

5140.000000 1018.000000 493 
5532.000000 998.000000 495 

5140.000000 1018.000000 493 
5136.000000 825.000000 505 

5344.000000 1003.000000 494 
5532.000000 998.000000 495 

5344.000000 1003.000000 494 
5596.000000 892.000000 501 

5069.000000 998.000000 496 
5070.000000 605.000000 519 

1595.000000 942.000000 497 
1443.000000 459.000000 527 

5666.000000 914.000000 498 
5596.000000 892.000000 501 

2260.000000 913.000000 499 
2647.000000 485.000000 526 

4244.000000 896.000000 500 
4569.000000 886.000000 502 

4569.000000 886.000000 502 
5393.000000 355.000000 531 

1072.000000 883.000000 503 
1213.000000 633.000000 515 

3499.000000 863.000000 504 
3390.000000 698.000000 509 

783.000000 825.000000 506 
834.000000 757.000000 507 

834.000000 757.000000 507 
982.000000 659.000000 511 

1406.000000 750.000000 508 
1422.000000 658.000000 512 

1406.000000 750.000000 508 
1361.000000 637.000000 513 

3390.000000 698.000000 509 
2647.000000 485.000000 526 

2384.000000 695.000000 510 
1926.000000 636.000000 514 

982.000000 659.000000 511 
1443.000000 459.000000 527 

1422.000000 658.000000 512 
1415.000000 628.000000 516 

1361.000000 637.000000 513 
1322.000000 580.000000 523 

1926.000000 636.000000 514 
1961.000000 445.000000 528 

1213.000000 633.000000 515 
1212.000000 603.000000 520 

1415.000000 628.000000 516 
1503.000000 362.000000 530 

1082.000000 625.000000 517 
1254.000000 617.000000 518 

1082.000000 625.000000 517 
1212.000000 603.000000 520 

1254.000000 617.000000 518 
1249.000000 600.000000 521 

5070.000000 605.000000 519 
5469.000000 10.000000 532 

1249.000000 600.000000 521 
1253.000000 580.000000 524 

1322.000000 580.000000 523 
1276.000000 559.000000 525 

1253.000000 580.000000 524 
1276.000000 559.000000 525 

1961.000000 445.000000 528 
1790.000000 429.000000 529 

1790.000000 429.000000 529 
1503.000000 362.000000 530 

5393.000000 355.000000 531 
5469.000000 10.000000 532 

