6734.000000 1453.000000 1 
6898.000000 1885.000000 9 

2233.000000 10.000000 2 
3177.000000 756.000000 29 

5530.000000 1424.000000 3 
4608.000000 1198.000000 34 

401.000000 841.000000 4 
675.000000 1006.000000 26 

3082.000000 1644.000000 5 
3023.000000 1942.000000 48 

7608.000000 4458.000000 6 
7352.000000 4506.000000 30 

7573.000000 3716.000000 7 
7462.000000 3590.000000 18 

6898.000000 1885.000000 9 
6271.000000 2135.000000 40 

1112.000000 2049.000000 10 
10.000000 2676.000000 45 

5468.000000 2606.000000 11 
5199.000000 2182.000000 23 

4706.000000 2674.000000 13 
4483.000000 3369.000000 21 

4612.000000 2035.000000 14 
4307.000000 2322.000000 25 

6107.000000 669.000000 16 
6101.000000 1110.000000 22 

7611.000000 5184.000000 17 
7555.000000 4819.000000 27 

7462.000000 3590.000000 18 
7248.000000 3779.000000 36 

7732.000000 4723.000000 19 
7762.000000 4595.000000 37 

5900.000000 3561.000000 20 
6426.000000 3173.000000 33 

4483.000000 3369.000000 21 
5185.000000 3258.000000 47 

675.000000 1006.000000 26 
1916.000000 1569.000000 42 

7352.000000 4506.000000 30 
7280.000000 4899.000000 43 

7545.000000 2801.000000 31 
7392.000000 2244.000000 38 

6426.000000 3173.000000 33 
6807.000000 2993.000000 46 

4608.000000 1198.000000 34 
4985.000000 140.000000 41 

6734.000000 1453.000000 1 
6734.000000 1453.000000 1 

6734.000000 1453.000000 1 
6734.000000 1453.000000 1 

6734.000000 1453.000000 1 
6734.000000 1453.000000 1 

6734.000000 1453.000000 1 
6734.000000 1453.000000 1 

6734.000000 1453.000000 1 
6734.000000 1453.000000 1 

6734.000000 1453.000000 1 
6734.000000 1453.000000 1 

6734.000000 1453.000000 1 
6734.000000 1453.000000 1 

6734.000000 1453.000000 1 
6734.000000 1453.000000 1 

6734.000000 1453.000000 1 
6734.000000 1453.000000 1 

6734.000000 1453.000000 1 
6734.000000 1453.000000 1 

6734.000000 1453.000000 1 
6734.000000 1453.000000 1 

6734.000000 1453.000000 1 
6734.000000 1453.000000 1 

6734.000000 1453.000000 1 
6734.000000 1453.000000 1 

6734.000000 1453.000000 1 
6734.000000 1453.000000 1 

6734.000000 1453.000000 1 
6734.000000 1453.000000 1 

6734.000000 1453.000000 1 
6734.000000 1453.000000 1 

6734.000000 1453.000000 1 
6734.000000 1453.000000 1 

6734.000000 1453.000000 1 
6734.000000 1453.000000 1 

6734.000000 1453.000000 1 
6734.000000 1453.000000 1 

6734.000000 1453.000000 1 
6734.000000 1453.000000 1 

6734.000000 1453.000000 1 
6734.000000 1453.000000 1 

6734.000000 1453.000000 1 
6734.000000 1453.000000 1 

6734.000000 1453.000000 1 
6734.000000 1453.000000 1 

6734.000000 1453.000000 1 
6734.000000 1453.000000 1 

6734.000000 1453.000000 1 
6734.000000 1453.000000 1 

