37.000000 52.000000 1 #FBCEB1 
42.000000 57.000000 22 #FBCEB1 

37.000000 52.000000 1 #7FFFD4 
38.000000 46.000000 32 #7FFFD4 

49.000000 49.000000 2 #7FFFD4 
57.000000 58.000000 20 #7FFFD4 

49.000000 49.000000 2 #7FFFD4 
58.000000 48.000000 29 #7FFFD4 

52.000000 64.000000 3 #7FFFD4 
43.000000 67.000000 28 #7FFFD4 

52.000000 64.000000 3 #7FFFD4 
63.000000 69.000000 36 #7FFFD4 

20.000000 26.000000 4 #7FFFD4 
27.000000 23.000000 17 #7FFFD4 

20.000000 26.000000 4 #7FFFD4 
17.000000 33.000000 18 #7FFFD4 

40.000000 30.000000 5 #7FFFD4 
32.000000 22.000000 37 #7FFFD4 

40.000000 30.000000 5 #7FFFD4 
45.000000 35.000000 38 #7FFFD4 

21.000000 47.000000 6 #7FFFD4 
30.000000 48.000000 27 #7FFFD4 

21.000000 47.000000 6 #7FFFD4 
25.000000 55.000000 48 #7FFFD4 

17.000000 63.000000 7 #7FFFD4 
16.000000 57.000000 23 #7FFFD4 

17.000000 63.000000 7 #7FFFD4 
5.000000 64.000000 43 #7FFFD4 

31.000000 62.000000 8 #7FFFD4 
42.000000 57.000000 22 #7FFFD4 

31.000000 62.000000 8 #7FFFD4 
27.000000 68.000000 26 #7FFFD4 

52.000000 33.000000 9 #7FFFD4 
58.000000 27.000000 30 #7FFFD4 

52.000000 33.000000 9 #7FFFD4 
48.000000 28.000000 49 #7FFFD4 

51.000000 21.000000 10 #7FFFD4 
59.000000 15.000000 39 #7FFFD4 

51.000000 21.000000 10 #7FFFD4 
48.000000 28.000000 49 #7FFFD4 

42.000000 41.000000 11 #7FFFD4 
38.000000 46.000000 32 #7FFFD4 

42.000000 41.000000 11 #7FFFD4 
45.000000 35.000000 38 #7FFFD4 

31.000000 32.000000 12 #7FFFD4 
32.000000 39.000000 46 #7FFFD4 

31.000000 32.000000 12 #7FFFD4 
25.000000 32.000000 47 #7FFFD4 

5.000000 25.000000 13 #7FFFD4 
7.000000 38.000000 25 #7FFFD4 

5.000000 25.000000 13 #7FFFD4 
10.000000 17.000000 41 #7FFFD4 

12.000000 42.000000 14 #7FFFD4 
8.000000 52.000000 24 #7FFFD4 

12.000000 42.000000 14 #7FFFD4 
7.000000 38.000000 25 #7FFFD4 

36.000000 16.000000 15 #7FFFD4 
30.000000 15.000000 44 #7FFFD4 

36.000000 16.000000 15 #7FFFD4 
39.000000 10.000000 45 #7FFFD4 

52.000000 41.000000 16 #7FFFD4 
62.000000 42.000000 21 #7FFFD4 

52.000000 41.000000 16 #7FFFD4 
56.000000 37.000000 50 #7FFFD4 

27.000000 23.000000 17 #7FFFD4 
32.000000 22.000000 37 #7FFFD4 

17.000000 33.000000 18 #7FFFD4 
25.000000 32.000000 47 #7FFFD4 

13.000000 13.000000 19 #7FFFD4 
5.000000 6.000000 40 #7FFFD4 

13.000000 13.000000 19 #7FFFD4 
10.000000 17.000000 41 #7FFFD4 

57.000000 58.000000 20 #7FFFD4 
62.000000 63.000000 35 #7FFFD4 

62.000000 42.000000 21 #7FFFD4 
58.000000 48.000000 29 #7FFFD4 

16.000000 57.000000 23 #7FFFD4 
25.000000 55.000000 48 #7FFFD4 

8.000000 52.000000 24 #7FFFD4 
5.000000 64.000000 43 #7FFFD4 

27.000000 68.000000 26 #7FFFD4 
37.000000 69.000000 31 #7FFFD4 

30.000000 48.000000 27 #7FFFD4 
30.000000 40.000000 51 #7FFFD4 

43.000000 67.000000 28 #7FFFD4 
37.000000 69.000000 31 #7FFFD4 

58.000000 27.000000 30 #7FFFD4 
61.000000 33.000000 34 #7FFFD4 

46.000000 10.000000 33 #7FFFD4 
59.000000 15.000000 39 #7FFFD4 

46.000000 10.000000 33 #7FFFD4 
39.000000 10.000000 45 #7FFFD4 

61.000000 33.000000 34 #7FFFD4 
56.000000 37.000000 50 #7FFFD4 

62.000000 63.000000 35 #7FFFD4 
63.000000 69.000000 36 #7FFFD4 

5.000000 6.000000 40 #7FFFD4 
21.000000 10.000000 42 #7FFFD4 

21.000000 10.000000 42 #7FFFD4 
30.000000 15.000000 44 #7FFFD4 

32.000000 39.000000 46 #7FFFD4 
30.000000 40.000000 51 #7FFFD4 

